
<!-- README.md is generated from README.Rmd. Please edit that file -->

# clust431

<!-- badges: start -->

<!-- badges: end -->

The goal of clust431 is to perform the Expectation-Maximization
Algorithm on quantitative data.

## Installation

You can install the released version of clust431 from
[CRAN](https://CRAN.R-project.org) with:

``` r
install.packages("clust431")
```

## Expectation-Maximization Function

The function will perform the Expectation-Maximization Algorithm, which
will find maximum-likelihood estimates for the model parameters of the
clusters in the data. This is an iterative process where the function
will first take random observations in the data as the starting
parameters and then will continue to adjust the model to better fit the
guesses of the parameters. The em\_clust() function will take the
arguments of a data set composed of only quantitative variables and the
number of desired clusters for the data. The function will output a list
of the final parameter means, variances, the final clusters each
observation is assigned to, and the probabilities of cluster membership
for those observations.

Example of em\_clust() function using the USArrests data set

``` r
em_clust(USArrests, 4)
#> $Mean
#>                [,1]       [,2]        [,3]       [,4]
#> Murder     7.124506   2.595311   0.7306298   2.910445
#> Assault  861.069283 219.980397 100.2548770 435.258011
#> UrbanPop 859.747440 144.583114  63.3032771 443.458721
#> Rape      45.219830   9.034574   6.7077707  18.231969
#> 
#> $Variance
#>                   [,1]         [,2]         [,3]          [,4]
#> Murder        14.90991     31.71293     6.983911      15.84348
#> Assault  -569143.48147   2590.36271 15120.592170  -97421.51610
#> UrbanPop -681495.96120 -12031.08482   262.811441 -163697.57924
#> Rape        -935.67311    134.46822   240.686003      58.79374
#> 
#> $Cluster
#>  [1] 1 3 4 1 1 1 4 4 1 2 1 1 4 1 1 1 1 2 1 1 4 1 1 2 1 1 1 1 4 1 4 1 1 1 1 1 4 1
#> [39] 1 2 1 1 1 1 1 1 1
#> 
#> $ClusterMembershipProbability
#>               [,1]         [,2]         [,3]         [,4]
#>  [1,] 0.5859374945 3.248414e-01 2.515953e-04 8.896951e-02
#>  [2,] 0.0001076415 5.986872e-07 9.998913e-01 4.292539e-07
#>  [3,] 0.4010097873 1.214932e-04 1.930165e-02 5.795671e-01
#>  [4,] 0.8615845683 1.695317e-02 8.120557e-03 1.133417e-01
#>  [5,] 0.6773067373 8.178644e-04 8.691522e-02 2.349602e-01
#>  [6,] 0.6831585019 2.398102e-03 2.740538e-01 4.038956e-02
#>  [7,] 0.2129121877 1.295131e-04 3.378415e-07 7.869580e-01
#>  [8,] 0.1282246672 2.460777e-05 2.753931e-05 8.717232e-01
#>  [9,] 0.5818652148 1.400230e-01 6.344542e-04 2.774773e-01
#> [10,] 0.0091319824 9.907044e-01 5.931865e-07 1.630445e-04
#> [11,] 0.8030121030 2.696840e-02 1.228555e-06 1.700183e-01
#> [12,] 0.6541482273 1.375681e-04 2.561936e-03 3.431523e-01
#> [13,] 0.3894917275 6.275679e-03 1.737471e-05 6.042152e-01
#> [14,] 0.8760683646 3.054894e-02 2.098909e-04 9.317281e-02
#> [15,] 0.7357619849 7.386153e-04 8.737392e-05 2.634120e-01
#> [16,] 0.7813255546 7.201998e-03 8.411220e-05 2.113883e-01
#> [17,] 0.5872207652 3.853789e-01 4.655301e-05 2.735376e-02
#> [18,] 0.1946300546 7.706982e-01 5.694314e-06 3.466604e-02
#> [19,] 0.5797535272 2.415273e-04 1.109755e-04 4.198940e-01
#> [20,] 0.6529025270 5.752207e-03 1.695266e-02 3.243926e-01
#> [21,] 0.1859521793 1.037583e-04 6.861359e-07 8.139434e-01
#> [22,] 0.8422166036 6.321582e-02 2.643026e-02 6.813732e-02
#> [23,] 0.6881245557 6.812840e-04 5.823762e-05 3.111359e-01
#> [24,] 0.1237710816 8.657444e-01 4.486346e-05 1.043969e-02
#> [25,] 0.8838366592 2.670872e-02 3.176607e-03 8.627802e-02
#> [26,] 0.8838601310 1.028458e-02 8.407300e-04 1.050146e-01
#> [27,] 0.7653868394 1.699500e-03 2.520197e-04 2.326616e-01
#> [28,] 0.4583093496 3.587034e-02 4.974458e-01 8.374484e-03
#> [29,] 0.6765815910 6.062355e-04 4.638644e-05 3.227658e-01
#> [30,] 0.3056343539 3.155544e-03 2.183749e-07 6.912099e-01
#> [31,] 0.7726019104 1.129551e-02 5.154859e-02 1.645540e-01
#> [32,] 0.4387222454 1.255555e-02 1.836745e-05 5.487038e-01
#> [33,] 0.4898599557 1.078336e-02 5.891289e-03 4.934654e-01
#> [34,] 0.7653692286 2.542075e-04 5.958801e-04 2.337807e-01
#> [35,] 0.7886847614 2.408690e-02 2.321082e-05 1.872051e-01
#> [36,] 0.7210628816 4.098186e-03 2.092836e-04 2.746296e-01
#> [37,] 0.7876672550 4.871127e-04 1.193778e-01 9.246783e-02
#> [38,] 0.6249104220 1.083342e-02 2.210895e-06 3.642539e-01
#> [39,] 0.0225515838 2.175110e-06 3.895576e-09 9.774462e-01
#> [40,] 0.6039408940 3.312584e-01 6.840410e-03 5.796034e-02
#> [41,] 0.8785360546 2.014285e-03 2.636802e-03 1.168129e-01
#> [42,] 0.3060535981 6.861796e-01 5.033956e-04 7.263371e-03
#> [43,] 0.4833398092 4.109436e-01 5.158706e-06 1.057114e-01
#> [44,] 0.5865417309 1.999884e-04 2.111079e-04 4.130472e-01
#> [45,] 0.9217470049 1.248873e-03 3.431738e-02 4.268674e-02
#> [46,] 0.8334142705 3.219936e-02 3.262606e-04 1.340601e-01
#> [47,] 0.7596521576 2.789020e-04 7.930237e-03 2.321387e-01
#> [48,] 0.8978504168 2.015910e-02 4.514681e-04 8.153902e-02
#> [49,] 0.5987226719 1.006339e-03 4.442194e-06 4.002665e-01
#> [50,] 0.6543058752 3.665962e-03 1.655195e-04 3.418626e-01
```

Example of the em\_clust() function using the mtcars data set

``` r
em_clust(mtcars, 3)
#> $Mean
#>             [,1]        [,2]        [,3]
#> mpg   20.5838953  18.1661397  21.9052958
#> cyl    4.5629162   8.4980299   6.1375487
#> disp 176.4111059 231.9622046 313.3279543
#> hp   152.4067322 139.9819743 150.0998643
#> drat   2.5845696   5.1165091   3.5134869
#> wt     2.2850709   3.0752533   4.8595197
#> qsec  17.9437340  15.7453582  20.1552493
#> vs     0.3028353   0.6043305   0.4492663
#> am     0.2328752   0.4069950   0.6743695
#> gear   3.6250357   3.3074369   4.1621944
#> carb   2.0027574   3.9906332   2.7705361
#> 
#> $Variance
#>              [,1]          [,2]          [,3]
#> mpg  6.030930e+01  7.778958e+01 -3.885382e+01
#> cyl  1.040374e+01 -1.483416e+01  2.381882e+00
#> disp 3.286334e+04  1.444202e+04 -2.383680e+04
#> hp   5.298345e+03  8.563041e+03 -6.017385e+02
#> drat 2.709753e+00 -6.742799e+00  2.429651e-01
#> wt   4.052697e+00  7.216999e-01 -7.714989e+00
#> qsec 2.196877e+00  3.669389e+01 -4.452665e+01
#> vs   2.111261e-01  2.391151e-01  2.474261e-01
#> am   1.786443e-01  2.413501e-01  2.195953e-01
#> gear 5.391888e-01  1.930251e+00 -1.457055e+00
#> carb 3.036087e+00 -2.603196e-02  2.245289e+00
#> 
#> $Cluster
#>  [1] 3 3 3 2 3 2 1 2 3 3 3 3 3 1 1 1 1 2 2 2 3 3 2 1 3 2 3 2 3
#> 
#> $ClusterMembershipProbability
#>              [,1]       [,2]        [,3]
#>  [1,] 0.050541011 0.18352429 0.765934696
#>  [2,] 0.062083155 0.17539716 0.762519686
#>  [3,] 0.013791058 0.04089682 0.945312127
#>  [4,] 0.343923397 0.38031024 0.275766366
#>  [5,] 0.300370511 0.66139527 0.038234218
#>  [6,] 0.008846262 0.02484785 0.966305890
#>  [7,] 0.133981577 0.82313500 0.042883423
#>  [8,] 0.606542175 0.18425200 0.209205825
#>  [9,] 0.085306721 0.89887696 0.015816321
#> [10,] 0.149879480 0.20837045 0.641750071
#> [11,] 0.063733389 0.22261635 0.713650257
#> [12,] 0.064606837 0.13163250 0.803760666
#> [13,] 0.088962912 0.40618968 0.504847413
#> [14,] 0.025066034 0.26655638 0.708377588
#> [15,] 0.718467167 0.18883094 0.092701890
#> [16,] 0.746256346 0.13886899 0.114874669
#> [17,] 0.929875006 0.06586944 0.004255552
#> [18,] 0.683669846 0.28329076 0.033039389
#> [19,] 0.251622771 0.74425837 0.004118862
#> [20,] 0.464259075 0.53043029 0.005310637
#> [21,] 0.044998849 0.69253341 0.262467743
#> [22,] 0.016735795 0.05373464 0.929529567
#> [23,] 0.022236931 0.20540264 0.772360425
#> [24,] 0.173963058 0.78018002 0.045856923
#> [25,] 0.679277991 0.30849189 0.012230119
#> [26,] 0.128286644 0.34767038 0.524042981
#> [27,] 0.345564412 0.37896491 0.275470682
#> [28,] 0.497430048 0.27820226 0.224367693
#> [29,] 0.191735333 0.72791274 0.080351927
#> [30,] 0.020530953 0.04781542 0.931653629
#> [31,] 0.186734840 0.73216648 0.081098683
#> [32,] 0.049690023 0.08811480 0.862195177
```
